143.87,499.62,90.054,478.09,2,12
372.57,488.85,342.97,529.21,2,2
372.57,494.23,340.28,521.14,2,3
208.96,846.66,162.35,826.27,2,5
680.83,587.42,634.22,607.81,2,26
747.82,138.86,750.73,182.55,2,4
899.29,409.74,931.33,441.79,2,11
1615.8,165.07,1604.2,202.94,2,8
1749.8,849.57,1685.7,849.57,2,6
969.19,631.12,908.02,645.68,2,10
191.48,1004,147.79,1015.6,2,8
453.63,1723.4,450.72,1761.3,2,31
214.78,1749.6,156.53,1761.3,2,3
893.46,1668.1,919.67,1720.5,2,3
1411.9,1700.1,1426.5,1647.7,2,6
1557.6,1534.1,1560.5,1478.7,2,7
372.07,1033.1,316.73,1038.9,2,13
875.98,1638.9,896.37,1691.4,3,4
211.87,1723.4,159.44,1738,3,12
718.69,135.94,744.91,162.16,4,8
753.65,179.64,788.6,217.5,4,8
1560.5,232.07,1522.6,214.59,4,8
1085.7,747.63,1082.8,785.49,4,10
916.76,715.59,875.98,715.59,4,53
680.83,1024.3,634.22,1001,4,12
747.82,1274.8,715.78,1237,4,7
220.61,829.18,174,820.45,5,26
1414.8,1726.3,1420.7,1682.6,6,11
1781.9,858.31,1732.3,878.7,6,8
782.77,1298.1,768.21,1266.1,7,8
989.58,756.36,969.19,776.75,7,31
1289.6,1070.9,1240.1,1047.6,7,9
1563.4,1571.9,1586.7,1522.4,7,11
803.16,1280.7,750.73,1280.7,8,10
194.39,1033.1,139.05,1030.2,8,181
756.56,176.72,788.6,200.02,8,10
788.6,127.21,744.91,159.25,8,8
1776,907.83,1726.5,893.26,8,44
1784.8,858.31,1726.5,893.26,8,8
351.68,878.7,307.99,902,8,112
552.67,1738,508.97,1778.7,8,43
1735.3,226.24,1735.3,240.8,9,9
1114.8,779.67,1068.2,770.93,10,12
806.08,205.85,762.38,229.15,10,21
960.45,692.28,934.24,666.07,10,34
808.99,1277.8,762.38,1254.4,10,12
1446.9,1764.2,1429.4,1720.5,11,26
1371.2,240.8,1371.2,188.37,11,13
1615.8,147.6,1601.3,159.25,11,26
934.24,403.92,896.37,427.22,11,54
718.69,1027.3,663.35,1009.8,12,17
811.9,1248.6,771.12,1263.2,12,74
147.79,532.08,121.57,517.52,12,17
211.87,1705.9,159.44,1717.6,12,26
858.51,1691.4,811.9,1662.2,12,14
1400.3,1245.7,1353.7,1257.4,12,15
873.07,1277.8,890.55,1312.7,12,13
1097.4,750.54,1088.6,797.14,12,13
1653.7,1073.9,1691.6,1105.9,12,13
849.77,1306.9,899.29,1292.3,13,14
1455.6,258.28,1403.2,252.45,13,15
1636.2,258.28,1595.4,223.33,13,16
1062.4,779.67,1103.2,765.1,13,34
363.33,1033.1,340.03,1070.9,13,44
1551.7,1580.7,1534.3,1539.9,13,58
1755.6,1234.1,1761.5,1289.4,13,15
1543,852.49,1528.4,907.83,13,31
852.68,1289.4,867.24,1321.4,14,19
835.2,1738,846.86,1685.5,14,16
1720.7,1248.6,1752.7,1271.9,15,17
1411.9,1292.3,1379.9,1239.9,15,19
1519.7,258.28,1461.5,267.02,15,16
826.47,1775.8,852.68,1729.2,16,18
1677,226.24,1621.7,234.98,16,18
1511,319.45,1473.1,281.58,16,18
1685.7,1269,1735.3,1280.7,17,31
1595.4,948.61,1545.9,971.91,17,18
1318.7,1041.8,1263.4,1068,17,44
730.34,194.2,695.39,170.9,17,26
182.74,572.86,109.92,532.08,17,17
191.48,578.69,147.79,549.56,17,21
613.83,636.94,575.97,671.89,18,26
721.61,1021.4,695.39,980.65,18,41
1703.2,258.28,1677,223.33,18,26
1566.3,267.02,1513.9,287.41,18,21
1706.1,1065.1,1697.4,1123.4,18,31
1429.6,1300.3,1386.5,1265.8,19,26
860.87,1271.6,843.63,1317.5,19,21
1544.5,481.64,1705.4,524.73,19,19
235.17,549.56,188.57,555.38,21,31
969.19,529.17,931.33,529.17,21,57
1540.1,205.85,1545.9,261.19,21,21
1688.6,872.88,1665.3,840.83,21,26
742,223.33,701.22,202.94,26,34
1423.6,1274.8,1423.6,1318.5,26,31
855.59,1260.3,870.16,1309.8,26,34
677.91,596.16,628.4,575.77,26,39
625.48,599.07,613.83,642.77,26,52
1659.4,168.54,1602,165.67,26,39
462.37,508.78,462.37,546.64,31,52
1700.3,1190.4,1662.4,1202,31,36
989.58,1644.8,989.58,1691.4,31,39
1012.9,791.32,966.28,776.75,31,43
1446.9,1298.1,1411.9,1318.5,31,39
1708.3,386.85,1676.7,392.6,31,34
1619.2,421.32,1567.5,412.7,31,65
717.24,263.33,708.63,223.12,34,56
124.49,607.81,101.19,654.42,34,36
1237.2,1746.7,1193.5,1743.8,34,39
1141,1644.8,1120.7,1688.5,34,39
1793.5,258.28,1741.1,255.37,34,44
1015.8,625.29,1018.7,674.81,36,59
875.98,331.1,841.03,351.49,36,46
1831.8,292.06,1785.8,280.57,36,39
1499.3,1793.3,1446.9,1764.2,36,41
144.88,543.73,133.23,593.25,36,41
709.95,575.77,660.44,572.86,39,78
1502.2,1260.3,1458.5,1283.6,39,43
1820.3,340.89,1794.4,300.68,39,42
1659.4,188.65,1596.2,197.27,39,78
421.59,529.17,389.55,543.73,41,161
730.34,992.3,675,1001,41,76
1788.7,363.87,1785.8,323.66,42,186
1010.2,791.87,972.9,783.26,43,43
984.39,760.28,978.64,797.62,43,44
1524.4,1265.8,1484.2,1254.3,43,54
536.28,1725.4,521.91,1777.1,43,72
389.78,1021.7,335.2,1033.2,44,65
1794.4,300.68,1777.2,251.84,44,48
1791.6,921.14,1757.1,918.26,44,52
1751.3,901.03,1714,898.16,44,52
1349.2,1079.1,1309,1044.7,44,50
958.53,766.02,975.77,789,44,54
136.14,1304,109.92,1344.7,46,55
1016,1622,984.39,1668,48,68
654.61,564.12,631.31,599.07,52,71
1056.6,1697.2,1065.3,1659.3,52,71
1813.9,910.74,1761.5,890.35,52,92
1752.7,954.43,1714.9,922.39,52,52
1374.1,1120.5,1379.9,1085.5,52,53
156.53,881.61,101.19,884.53,52,56
220.61,296.15,171.09,307.8,52,53
1708.3,432.81,1731.2,386.85,52,57
582.44,1002.8,520.56,986.62,53,57
254.18,287.05,170.77,305.89,53,53
251.49,268.22,205.75,295.13,53,56
945.68,749.85,908.01,714.87,53,74
1357.3,1150.8,1378.9,1099.6,53,56
238.09,1793.3,182.74,1790.4,53,54
1312.9,1807.9,1272.1,1845.7,53,54
243.91,1088.4,203.13,1111.7,54,65
995.41,750.54,977.93,794.23,54,55
1560.5,1277.8,1519.7,1263.2,54,56
1356.6,1787.5,1312.9,1816.6,54,55
211.87,1842.8,179.83,1799.1,54,55
951.71,383.53,908.02,409.74,54,58
223.52,1802,176.92,1802,55,65
1406.1,1825.4,1350.8,1825.4,55,57
1752.7,983.56,1720.7,945.69,55,58
1350.8,1175.8,1368.2,1135,56,58
1586.7,1306.9,1543,1283.6,56,77
200.22,837.92,150.7,884.53,56,57
1709,494.21,1723.6,447.61,57,64
610.92,971.91,549.75,974.82,57,57
1446.9,1802,1397.4,1831.2,57,64
1607.1,1507.9,1615.8,1438,57,59
995.41,529.17,951.71,526.26,57,99
944.17,375.36,892.47,409.83,58,74
1541.7,1616.3,1544.5,1567.5,58,65
1366.4,1194,1372.2,1145.2,58,64
1785.8,1010.2,1742.7,969.97,58,59
1755.6,1041.8,1732.3,992.3,59,68
1607.1,1519.5,1601.3,1464.2,59,84
1024.5,625.29,980.84,657.33,59,99
602.18,951.52,567.23,980.65,59,61
1464.4,1455.4,1505.1,1435,60,60
1722.6,154.18,1673.8,134.07,60,78
590.53,916.57,561.4,945.69,61,65
1481.8,1770,1429.4,1793.3,64,71
1700.3,517.52,1717.8,491.3,64,74
1359.5,1210.8,1350.8,1175.8,64,65
255.56,1068,203.13,1082.6,65,70
401.2,992.3,366.25,1033.1,65,98
584.71,899.09,549.75,931.13,65,70
1344.9,1245.7,1347.9,1184.5,65,77
1633.6,378.23,1593.4,412.7,65,68
232.26,1775.8,191.48,1787.5,65,69
1365.3,1493.3,1397.4,1475.8,65,71
890.55,398.09,846.86,392.27,67,74
532.28,194.2,567.23,232.07,67,70
208.96,1758.4,179.83,1796.2,69,138
610.92,884.53,570.14,904.92,70,74
261.39,1033.1,238.09,1073.9,70,72
476.93,205.85,517.71,205.85,70,71
1516.8,1764.2,1476,1775.8,71,74
1347.9,1528.2,1385.7,1490.4,71,74
450.72,170.9,485.67,205.85,71,74
514.8,1720.5,511.89,1764.2,72,84
672.09,534.99,628.4,569.95,72,74
316.73,1001,281.78,1015.6,73,79
616.75,832.1,581.79,861.22,74,80
960.45,1691.4,925.5,1682.6,74,93
447.81,138.86,439.07,185.46,74,76
1706.1,581.6,1709,529.17,74,77
972.1,371.88,937.15,389.36,74,87
916.76,371.88,870.16,403.92,74,78
811.9,1283.6,765.3,1245.7,74,82
937.15,750.54,916.76,730.15,74,80
1540.1,1726.3,1502.2,1758.4,74,79
377.9,106.82,415.76,138.86,77,78
1350.8,1289.4,1342,1225.3,77,155
1572.1,1321.4,1595.4,1274.8,77,77
1601.3,1321.4,1566.3,1292.3,77,143
1714.9,613.64,1717.8,569.95,77,86
185.66,1478.7,200.22,1539.9,77,107
1237.2,1542.8,1283.8,1519.5,77,80
1388.6,855.4,1417.8,817.53,77,78
1647.9,171.41,1630.7,211.63,78,143
1748.5,162.8,1705.4,142.69,78,89
1369.3,878.05,1386.5,834.96,78,80
352.44,122.58,381.16,154.18,78,140
733.26,552.47,686.65,569.95,78,84
791.51,1717.6,826.47,1749.6,78,81
1502.2,534.99,1493.5,488.39,78,103
808.99,447.61,759.47,450.52,80,87
980.84,753.45,937.15,750.54,80,87
585.11,809.11,556.38,852.2,80,84
1219.9,1576.1,1268.8,1535.9,80,84
1085.7,1650.6,1053.7,1665.1,83,83
1044.9,1656.4,1094.4,1641.8,83,91
800.25,1336,788.6,1292.3,84,98
1589.6,1534.1,1601.3,1487.5,84,93
1187.6,1592.3,1240.1,1574.9,84,86
479.85,1735.1,529.36,1752.5,84,140
599.27,782.58,575.97,811.71,84,87
753.65,578.69,704.13,561.21,84,118
1682.4,1544.5,1656.6,1504.3,85,86
1754.2,1645,1760,1593.3,85,94
1158.5,1586.5,1208,1577.8,86,93
1682.8,1589.4,1682.8,1537,86,87
1717.8,642.77,1709,581.6,86,115
1007.1,368.97,963.37,366.05,87,89
841.03,447.61,794.43,462.17,87,112
727.43,444.7,672.09,459.26,87,94
1030.4,703.93,995.41,683.55,87,99
1004.1,671.89,951.71,660.24,87,99
908.02,741.8,954.63,712.67,87,103
1001.2,762.19,951.71,744.71,87,98
721.61,1021.4,680.83,989.39,87,107
1388.6,1318.5,1429.4,1304,87,99
1800.2,1754.2,1805.9,1702.5,87,98
328.38,1100.1,337.12,1164.2,89,93
1044.9,1604,998.32,1621.5,89,96
1777.2,1722.6,1742.7,1688.1,89,94
1811.7,1642.1,1794.4,1688.1,89,96
1751.3,200.14,1714,162.8,89,94
750.73,651.5,689.57,660.24,91,95
1047.8,325.27,998.32,351.49,91,94
954.63,395.18,899.29,398.09,91,94
564.32,715.59,520.62,733.06,92,96
1799.3,925.31,1752.7,907.83,92,118
337.12,1056.4,342.95,1100.1,93,98
1106.1,1571.9,1173.1,1569,93,96
980.84,1650.6,942.98,1682.6,93,96
1621.7,1542.8,1610,1496.2,93,107
1748.5,136.94,1705.4,171.41,94,94
820.64,610.73,774.04,619.46,95,99
954.63,386.44,913.85,412.66,95,97
1816.8,1571.9,1776,1601.1,95,98
1059.5,316.54,1012.9,336.93,95,97
1044.9,1586.5,1004.1,1615.6,96,101
989.58,1630.2,942.98,1659.3,96,101
1117.7,1548.6,1158.5,1571.9,96,113
596.36,692.28,549.75,715.59,96,100
433.24,963.17,386.64,992.3,98,102
1027.4,759.28,975.02,770.93,98,147
794.43,1365.1,782.77,1309.8,98,107
1805.9,1535.9,1803,1584.7,98,106
1764.4,1752.5,1726.5,1717.6,98,101
989.58,689.37,948.8,668.98,99,131
1050.7,695.2,995.41,692.28,99,124
1021.6,634.03,980.84,631.12,99,119
1015.8,517.52,966.28,523.34,99,201
838.12,634.03,774.04,616.55,99,115
1362.4,1298.1,1417.8,1309.8,99,154
631.31,689.37,587.62,718.5,100,106
360.42,756.36,310.9,768.02,100,102
1039.1,1592.3,1007.1,1621.5,101,117
1007.1,1595.2,972.1,1633.1,101,117
1703.2,1609.8,1650.8,1589.4,101,115
1790.6,1743.8,1746.9,1720.5,101,115
383.72,721.41,351.68,753.45,103,108
887.63,741.8,928.41,738.89,103,107
1545.9,534.99,1513.9,497.13,103,115
462.37,925.31,456.54,966.08,104,112
1755.6,1772.9,1752.7,1819.5,106,117
1770.2,1534.1,1813.9,1554.5,106,115
1645,1516.6,1604.2,1519.5,107,111
771.12,1382.6,800.25,1338.9,107,112
715.78,1708.8,683.74,1743.8,108,116
1266.3,170.9,1269.2,220.41,110,110
916.76,738.89,867.24,738.89,111,113
1674.1,1516.6,1633.3,1499.1,111,111
1624.6,1490.4,1682.8,1531.2,111,111
1677,1522.4,1621.7,1493.3,111,113
1607.1,1519.5,1560.5,1507.9,111,113
1114.8,264.11,1091.5,304.88,111,138
354.6,858.31,307.99,887.44,112,222
479.85,896.18,456.54,954.43,112,133
890.55,456.35,838.12,444.7,112,115
931.33,712.67,884.72,741.8,113,116
1601.3,1537,1548.8,1522.4,113,116
1778.9,966.08,1773.1,1024.3,113,116
1077,1551.6,1135.2,1545.7,113,134
1694.5,692.28,1703.2,625.29,115,130
1566.3,537.91,1551.7,505.87,115,118
1784.8,1496.2,1811,1554.5,116,118
1557.6,1566.1,1540.1,1513.7,116,121
1741.1,1770,1744,1819.5,117,140
1039.1,1569,1004.1,1580.7,118,124
1790.6,1478.7,1799.3,1531.2,118,124
1811,902,1767.3,896.18,118,157
1572.1,532.08,1522.6,511.69,118,145
782.77,596.16,718.69,564.12,118,137
1266.3,832.1,1254.6,878.7,119,124
666.26,642.77,622.57,634.03,119,140
613.83,1327.3,613.83,1373.9,121,130
1572.1,1580.7,1525.5,1560.3,121,121
1263.2,155.21,1290.1,203.64,122,122
1289.6,657.33,1219.7,651.5,124,128
1082.8,706.85,1036.2,683.55,126,143
1120.7,596.16,1074.1,607.81,128,130
1697.4,741.8,1700.3,674.81,130,138
599.27,1298.1,602.18,1365.1,130,147
1705.4,1650.8,1711.1,1705.3,130,133
1161.4,578.69,1103.2,572.86,130,140
1784.8,1432.1,1735.3,1423.4,131,134
1280.9,864.14,1245.9,878.7,131,134
1793.5,1475.8,1744,1472.9,134,143
1269.2,849.57,1222.6,869.96,134,140
462.37,852.49,476.93,893.26,134,138
1671.2,406.83,1708.3,358.13,134,145
1042,1519.5,1085.7,1519.5,135,138
1004.1,671.89,951.71,695.2,135,141
835.2,593.25,782.77,581.6,137,169
1653.7,811.71,1601.3,794.23,137,145
986.67,631.12,937.15,628.2,137,143
1018.7,1478.7,1071.1,1513.7,138,145
500.24,823.36,485.67,872.88,138,141
1729.4,1714.7,1700.3,1758.4,140,157
1746.9,1743.8,1744,1805,140,151
500.24,1711.8,506.06,1778.7,140,246
331.29,118.47,360.42,167.98,140,184
1254.6,846.66,1199.3,823.36,140,145
1650.8,1673.9,1700.3,1711.8,141,167
1543,1338.9,1490.6,1324.4,143,165
1138.1,255.37,1120.7,287.41,143,218
1705.4,131.2,1662.3,157.05,143,154
972.1,1493.3,1024.5,1493.3,145,149
1808.1,1720.5,1778.9,1694.3,145,167
1193.5,622.38,1135.2,604.9,145,149
1703.2,817.53,1642,817.53,145,155
552.67,701.02,526.45,756.36,147,153
634.22,1312.7,584.71,1350.6,147,174
1042,730.15,1010,759.28,147,169
942.98,1516.6,998.32,1504.9,149,165
1781.9,1775.8,1738.2,1778.7,153,157
1146.9,689.37,1094.4,666.07,154,159
1732.3,858.31,1668.3,829.18,155,159
1382.8,1277.8,1342,1242.8,155,185
602.18,645.68,575.97,703.93,155,159
1796.4,1772.9,1749.8,1758.4,157,167
1190.6,701.02,1129.4,683.55,159,164
1761.5,849.57,1688.6,843.75,159,164
875.98,1114.6,823.55,1137.9,159,165
1805.2,835.01,1784.8,869.96,159,165
1624.6,733.06,1580.9,686.46,160,169
459.46,546.64,401.2,534.99,161,202
1589.6,1551.6,1586.7,1493.3,161,177
1592.5,610.73,1545.9,584.51,162,189
1781.9,884.53,1726.5,869.96,164,165
683.74,558.3,657.52,616.55,164,165
675,532.08,657.52,604.9,165,176
532.28,610.73,482.76,628.2,165,176
1781.9,820.45,1813.9,878.7,165,169
1537.2,1338.9,1511,1298.1,165,201
1665.3,1641.8,1700.3,1676.8,167,194
1703.2,1691.4,1679.9,1735.1,167,194
884.72,1438,922.59,1440.9,169,174
1612.9,765.1,1586.7,709.76,169,224
1784.8,800.06,1787.7,849.57,169,177
1071.1,724.32,1024.5,756.36,169,186
855.59,561.21,808.99,569.95,169,183
1744,1770,1744,1705.9,171,176
616.75,1304,593.44,1341.8,174,195
730.34,529.17,680.83,564.12,176,181
1735.3,802.97,1752.7,846.66,177,181
1633.3,1557.4,1580.9,1502,177,288
1746.9,1781.7,1746.9,1726.3,177,194
1799.3,1647.7,1802.2,1705.9,180,218
232.26,1033.1,179.83,1033.1,181,198
1709,578.69,1706.1,631.12,181,184
1703.2,808.79,1746.9,849.57,181,204
861.42,593.25,814.81,593.25,183,214
1665.3,529.17,1665.3,569.95,184,188
1732.3,648.59,1732.3,590.34,185,186
1717.8,668.98,1752.7,610.73,186,187
1109,747.63,1047.8,733.06,186,187
683.74,447.61,730.34,424.31,186,190
261.39,121.38,316.73,147.6,187,192
1202.2,762.19,1141,733.06,189,195
1796.4,1624.4,1744,1641.8,189,194
660.44,435.96,715.78,430.13,190,195
395.38,1484.6,468.19,1484.6,191,194
1679.9,1685.5,1677,1732.1,191,194
1589.6,604.9,1537.2,590.34,192,224
517.71,599.07,491.5,639.85,194,194
1665.3,412.66,1682.8,459.26,194,196
1668.3,1735.1,1682.8,1685.5,194,209
1662.4,1638.9,1697.4,1671,194,232
1729.4,1772.9,1741.1,1735.1,194,199
730.34,459.26,689.57,412.66,195,218
418.68,1828.3,366.25,1790.4,195,198
648.79,1301.1,602.18,1318.5,195,222
1432.3,1312.7,1374.1,1269,197,201
459.46,1810.8,401.2,1802,198,211
223.52,1009.8,182.74,1027.3,198,240
1659.5,1738,1618.7,1743.8,198,201
1624.6,1703,1557.6,1720.5,198,201
1787.7,1781.7,1741.1,1738,199,209
1030.4,494.21,975.02,514.6,201,236
1455.6,1306.9,1403.2,1304,201,205
72.058,1440.9,60.407,1507.9,201,204
156.53,275.76,179.83,223.33,201,206
1636.2,395.18,1674.1,427.22,201,220
1796.4,817.53,1781.9,869.96,201,202
1548.8,753.45,1496.4,768.02,202,202
1554.7,733.06,1508.1,765.1,202,210
995.41,1621.5,940.06,1618.5,202,215
1793.5,974.82,1761.5,1027.3,202,204
74.97,1379.7,69.145,1432.1,204,209
1778.9,913.65,1752.7,966.08,204,208
1720.7,820.45,1717.8,861.22,204,218
1484.8,1274.8,1438.1,1292.3,205,206
235.17,1455.4,296.34,1461.3,205,206
1580.9,1274.8,1545.9,1318.5,206,218
1487.7,1248.6,1444,1295.2,206,208
139.05,328.19,185.66,267.02,206,208
179.83,1449.6,246.82,1443.8,206,211
471.11,567.03,412.85,561.21,207,241
1723.6,1740.9,1677,1749.6,209,225
1752.7,1778.7,1720.7,1746.7,209,214
1793.5,639.85,1764.4,683.55,210,216
873.07,572.86,820.64,575.77,214,222
74.97,482.56,86.621,424.31,216,218
1820.3,338.02,1774.3,332.27,216,222
1639.1,1723.4,1583.8,1723.4,216,221
1799.3,1816.6,1758.6,1816.6,216,222
92.447,520.43,86.621,462.17,218,254
750.73,441.79,698.3,438.87,218,222
1129.4,258.28,1120.7,316.54,218,224
1714.9,802.97,1694.5,849.57,218,242
1592.5,1321.4,1540.1,1315.6,218,220
686.65,1770,634.22,1764.2,218,220
1117.7,1604,1082.8,1641.8,218,225
1758.6,1673.9,1808.1,1700.1,218,225
715.78,1755.4,657.52,1752.5,220,225
1647.9,1740.9,1586.7,1732.1,221,225
1758.6,625.29,1755.6,680.63,221,224
750.73,485.48,704.13,435.96,222,245
363.33,858.31,340.03,907.83,222,225
642.96,1359.3,605.1,1312.7,222,224
529.36,607.81,491.5,636.94,222,232
1554.7,1251.5,1548.8,1312.7,224,229
672.09,1344.7,619.66,1321.4,224,248
176.92,971.91,118.66,995.21,225,230
357.51,864.14,305.08,887.44,225,288
1117.7,1580.7,1114.8,1636,225,226
739.08,1772.9,689.57,1770,225,229
1639.1,741.8,1586.7,750.54,225,237
1776,1609.8,1784.8,1668.1,225,232
1722.6,355.25,1673.8,381.11,225,232
1444,1056.4,1388.6,1059.3,226,229
1493.5,1085.5,1458.5,1065.1,229,239
1589.6,1269,1545.9,1298.1,229,234
1782.9,96.729,1737,93.856,230,230
1774.3,136.94,1742.7,111.09,230,243
194.45,969.97,154.23,978.59,230,234
1752.7,1653.5,1703.2,1665.1,232,271
1636.2,1641.8,1700.3,1633.1,232,241
1764.4,1752.5,1723.6,1752.5,232,245
217.7,925.31,159.44,960.26,234,241
1586.7,1336,1548.8,1315.6,234,239
1589.6,601.99,1554.7,581.6,234,239
1793.5,529.17,1746.9,558.3,234,241
1566.3,1365.1,1540.1,1315.6,239,244
191.48,1079.7,179.83,1033.1,240,270
1755.6,695.2,1773.1,753.45,240,242
1790.6,473.83,1752.7,517.52,241,243
1650.8,1609.8,1682.8,1662.2,241,277
1502.2,1164.2,1487.7,1103,241,243
1685.7,794.23,1694.5,837.92,242,277
1819.7,494.21,1761.5,500.04,243,247
1791.6,108.22,1739.9,151.31,243,248
1152.7,401.01,1129.4,459.26,243,256
727.43,497.13,715.78,441.79,245,252
1808.1,1752.5,1758.6,1749.6,245,250
1770.2,730.15,1746.9,785.49,245,248
1813.9,459.26,1784.8,505.87,247,250
1572.1,1228.2,1525.5,1193.3,247,249
654.61,1371,616.75,1336,248,268
1770.2,1694.3,1805.2,1659.3,248,271
1752.7,715.59,1746.9,782.58,248,250
1563.4,1263.2,1525.5,1216.6,249,249
1540.1,1321.4,1583.8,1274.8,249,251
1566.3,1271.9,1525.5,1219.5,249,254
753.65,491.3,695.39,444.7,252,267
1545.9,1298.1,1537.2,1242.8,254,257
1543,1388.4,1566.3,1330.2,254,258
884.72,575.77,829.38,569.95,254,261
115.75,520.43,95.36,479.65,254,288
1056.6,706.85,1004.1,686.46,256,257
1164.3,409.74,1111.9,444.7,256,271
1757.1,326.53,1693.9,326.53,259,271
1694.5,607.81,1633.3,590.34,261,271
1566.3,1371,1563.4,1312.7,262,267
1059.5,741.8,1004.1,741.8,263,266
887.63,564.12,838.12,581.6,266,268
1563.4,1376.8,1534.3,1333.1,267,277
707.04,508.78,709.95,450.52,267,271
1100.3,269.93,1091.5,328.19,267,271
669.18,1327.3,613.83,1350.6,268,277
232.26,1053.5,176.92,1030.2,270,277
267.21,648.59,278.86,712.67,270,271
1208,698.11,1161.4,648.59,270,273
1612.9,438.87,1548.8,444.7,270,273
1158.5,392.27,1117.7,441.79,271,288
1094.4,269.93,1065.3,325.27,271,288
733.26,520.43,712.87,456.35,271,277
273.04,631.12,267.21,709.76,271,277
1627.5,1408.8,1586.7,1385.5,271,274
1742.7,306.42,1688.1,338.02,271,277
905.11,537.91,846.86,558.3,273,277
1234.3,727.24,1213.9,671.89,273,277
1636.2,441.79,1575,438.87,273,277
1700.3,1420.5,1647.9,1385.5,274,277
1441.1,246.63,1391.5,197.11,276,281
748.1,518.96,710.86,473.88,277,290
899.04,517,846.11,544.45,277,283
1626.3,479.76,1569.4,442.52,277,281
1720.7,294.69,1679.9,354.89,277,286
1678,789.86,1691.6,846.17,277,308
1701.3,1426.8,1678,1364.6,277,286
1557.6,1374.4,1555.6,1321.9,277,290
679.86,1331.6,611.89,1329.7,277,283
221.58,1071.4,184.68,1034.5,277,288
264.3,646.16,270.13,698.59,277,280
1636.1,1628.4,1685.1,1642.1,277,290
1706.6,1816.6,1738,1797,277,281
1334.2,1052.1,1344,1054.1,280,280
1430.2,271.98,1406.7,226.9,281,285
1665.5,1389.3,1618.4,1389.3,281,286
899.04,513.08,846.11,520.92,283,290
258.06,961.96,226.7,1009,283,283
1789,477.8,1743.9,499.36,283,284
577.57,705.18,614.81,654.22,284,284
1732.1,475.84,1698.8,499.36,284,288
216.9,642.45,260.02,681.66,285,287
501.12,489.56,475.64,524.84,285,292
1483.2,309.23,1434.2,297.47,286,288
1720.7,275.27,1681.8,308.28,286,288
1710.5,1418.7,1692.9,1385.4,286,290
1689,1381.4,1636.1,1391.2,286,290
1796.8,1671.5,1745.8,1650,287,295
1726.8,270.69,1693.4,326.4,288,290
1745.4,467.54,1697.1,493.53,288,292
1485.4,328.26,1427.8,305.98,288,290
1151.1,396.97,1121.4,428.54,288,308
1080.6,274.41,1075,304.12,288,292
116.78,541.82,88.921,487.96,288,292
363.76,861.22,308.05,877.93,288,0
200.34,1085.9,189.2,1022.8,288,292
1637.7,1548.3,1598.7,1513,288,325
763.79,507.2,699.1,487.6,290,295
1469.4,346.47,1438.1,307.27,290,295
1693.5,275.27,1699.3,339.35,290,292
1645,1455.9,1627.5,1399.6,290,292
1720.7,1415.1,1683.8,1395.7,290,305
1635.2,1615.1,1672.1,1648.2,290,314
1551.7,1380.2,1545.9,1329.7,290,313
456.04,1697,401.16,1718.6,291,292
575.61,734.58,859.83,699.3,292,292
113.01,524.84,73.807,493.48,292,295
1079.4,268.06,1073.5,319.03,292,309
1747.8,454.28,1720.3,477.8,292,292
1747.8,450.36,1704.7,487.6,292,298
452.12,1687.2,397.23,1693.1,292,293
485.44,495.44,485.44,542.49,292,299
1687,1485.3,1641.9,1461.8,293,298
440.36,1653.9,401.16,1697,293,295
1771.2,228.67,1724.6,257.79,293,303
469.76,1675.5,420.76,1679.4,295,298
95.369,540.53,79.688,485.64,295,413
740.26,518.96,718.7,468,295,301
1487.1,346.47,1445.9,326.87,295,307
212.98,1077.6,167.9,1052.1,295,296
736.34,401.35,804.95,405.27,296,298
228.66,1061.9,177.7,1042.3,296,303
750.06,409.19,793.19,375.87,298,299
1671.3,1487.3,1712.5,1465.7,298,298
1706.6,1457.9,1653.7,1465.7,298,305
467.8,1718.6,424.68,1681.3,298,305
740.26,430.76,750.06,383.71,299,301
512.88,497.4,469.76,538.57,299,313
1714.5,667.94,1655.7,644.42,300,301
722.62,442.52,750.06,393.51,301,302
750.06,517,708.9,475.84,301,320
1722.3,660.1,1661.5,652.26,301,303
1675.3,760.06,1724.3,744.38,301,303
928.44,424.88,869.64,424.88,303,315
1753.7,1467.7,1689,1489.2,303,310
1661.5,769.87,1708.6,738.5,304,307
152.21,656.18,197.3,618.93,304,305
1698.8,1426.5,1702.7,1385.4,305,308
1702.7,1469.6,1653.7,1481.4,305,310
130.65,640.49,154.17,611.09,305,308
481.52,1697,432.52,1697,305,307
1489,342.55,1445.9,311.19,307,325
461.92,1716.6,432.52,1679.4,307,315
1632.1,660.1,1575.3,652.26,308,313
1647.8,746.34,1694.9,722.82,308,310
1651.7,783.59,1696.8,828.67,308,323
1667.4,1422.6,1696.8,1371.6,308,310
1161.7,391.55,1110.7,432.72,308,351
128.69,669.9,148.29,628.73,308,310
289.43,1079.6,275.7,1032.5,309,310
677.54,1348.1,628.53,1342.2,309,311
685.38,377.83,644.22,348.43,309,311
1077.4,266.1,1057.8,317.07,309,331
97.329,687.54,128.69,656.18,310,314
1769.4,1506.9,1722.3,1467.7,310,338
1692.9,1463.8,1645.9,1463.8,310,312
260.02,1065.9,256.1,1022.7,310,311
1692.9,1418.7,1667.4,1365.8,310,312
1751.7,1828.4,1771.3,1789.2,310,310
279.62,1063.9,279.62,1012.9,311,312
671.66,1356,630.49,1320.7,311,311
675.58,1361.8,634.42,1318.7,311,312
1638,1597.1,1577.3,1616.7,311,314
1591,748.3,1641.9,726.74,312,312
1641.9,732.62,1587.1,756.14,312,313
1708.6,1387.3,1663.5,1381.4,312,315
1696.8,1463.8,1647.8,1471.6,312,328
677.54,1332.4,628.53,1352,312,313
299.23,1060,261.98,1022.7,312,313
1698.8,556.21,1657.6,593.45,312,316
685.38,1344.2,628.53,1326.6,313,321
1657.6,646.38,1612.5,656.18,313,315
1592.9,748.3,1647.8,736.54,313,323
1632.1,517,1598.8,485.64,313,315
1569.4,1383.4,1532.2,1340.3,313,328
1624.3,1628.4,1669.4,1653.9,314,331
1649.8,1581.4,1604.7,1608.8,314,319
1641.9,944.32,1585.1,914.92,315,331
1675.3,630.69,1620.4,650.3,315,320
1659.6,509.16,1602.7,501.32,315,322
1708.6,1342.2,1657.6,1369.7,315,317
1704.7,579.73,1651.7,575.81,316,320
1677.2,1318.7,1675.3,1373.6,317,317
1659.6,1310.9,1661.5,1371.6,317,320
414.88,1726.4,458,1757.8,319,320
1195,1773.5,1253.8,1793.1,319,324
726.54,536.61,704.98,477.8,320,345
485.44,1693.1,428.6,1689.2,320,321
1649.8,1305,1651.7,1367.7,320,321
391.35,1738.2,448.2,1757.8,320,323
1722.3,1791.1,1773.3,1791.1,320,322
1659.6,1759.8,1591,1753.9,320,322
471.72,1720.5,444.28,1673.5,321,357
665.78,1365.8,646.18,1308.9,321,324
1665.5,1295.2,1655.7,1352,321,328
1663.5,532.69,1618.4,511.12,322,329
1736,599.33,1692.9,616.97,322,325
1690.9,636.57,1649.8,671.86,322,323
524.65,505.24,477.6,534.65,322,349
1592.9,773.79,1638,750.26,323,325
1649.8,795.35,1694.9,812.99,323,325
350.19,1736.2,410.96,1744.1,323,331
685.38,1354,636.38,1326.6,324,328
1620.4,1567.7,1608.6,1518.6,325,333
1465.5,375.87,1502.8,342.55,325,325
1504.7,342.55,1445.9,322.95,325,343
1710.5,734.58,1741.9,673.82,325,329
1645.9,789.47,1687,830.63,325,328
1720.3,1459.8,1681.1,1467.7,328,329
1694.9,1487.3,1641.9,1479.4,328,329
1685.1,1307,1651.7,1346.2,328,328
1685.1,1307,1649.8,1340.3,328,331
1555.7,1387.3,1549.8,1346.2,328,328
1557.7,1391.2,1555.7,1350.1,328,331
1659.6,787.51,1694.9,828.67,328,328
1667.4,787.51,1690.9,826.71,328,328
1663.5,791.43,1694.9,826.71,328,328
1667.4,783.59,1696.8,824.75,328,336
671.66,1356,671.66,1363.8,328,328
665.78,1365.8,628.53,1324.6,328,351
1683.1,520.92,1630.2,511.12,329,352
1694.9,720.86,1732.1,689.5,329,333
1702.7,1491.2,1653.7,1489.2,329,333
1726.2,1442.2,1681.1,1436.3,329,341
320.79,1724.5,375.67,1734.3,331,334
1073.5,277.86,1042.1,309.23,331,351
1667.4,924.72,1612.5,926.68,331,334
1663.5,1289.3,1643.9,1330.5,331,333
1743.9,603.25,1700.7,628.73,332,348
1769.4,581.69,1745.8,622.85,332,340
1459.6,501.32,1404.8,475.84,332,333
1598.8,1393.2,1559.6,1338.3,333,341
1659.6,1279.5,1643.9,1334.4,333,333
1643.9,1291.3,1647.8,1346.2,333,343
1706.6,1514.7,1657.6,1497.1,333,342
1634.1,1559.8,1592.9,1516.7,333,342
1712.5,738.5,1726.2,691.46,333,338
1545.9,230.82,1522.4,175.94,333,336
1753.7,520.92,1700.7,517,334,341
1679.2,895.32,1632.1,911,334,340
1645.9,795.35,1694.9,828.67,336,365
1577.3,242.58,1524.3,215.14,336,338
1718.4,1702.9,1765.4,1722.5,336,352
1745.8,720.86,1687,716.94,338,346
1583.1,260.22,1538.1,219.06,338,342
1575.3,1406.9,1577.3,1348.1,341,348
73.999,1791.9,132.25,1762.7,341,341
1739.9,1459.8,1679.2,1444.2,341,356
1718.4,1512.8,1659.6,1532.4,342,351
1628.2,1557.9,1598.8,1512.8,342,351
1565.5,248.46,1583.1,248.46,342,342
1598.8,277.86,1538.1,262.18,342,349
1485.1,356.27,1447.9,320.99,343,343
1487.1,366.07,1445.9,317.07,343,343
1485.1,366.07,1438.1,320.99,343,343
1487.1,340.59,1483.2,375.87,343,343
1491,368.03,1445.9,324.91,343,442
1614.5,1271.7,1630.2,1334.4,343,352
701.06,546.41,726.54,483.68,345,346
1804.6,599.33,1753.7,560.13,345,346
1736,487.6,1726.2,534.65,346,349
1506.7,763.99,1453.8,773.79,346,357
1745.8,575.81,1704.7,613.05,348,365
1606.7,224.94,1551.8,248.46,349,350
536.41,536.61,469.76,526.81,349,364
650.1,1387.3,640.3,1322.6,351,355
1702.7,1495.1,1659.6,1522.6,351,355
1636.1,1567.7,1602.7,1520.6,351,367
1592.9,203.38,1557.7,242.58,351,352
1153.9,417.04,1095.1,420.96,351,396
1071.5,270.02,1024.5,313.15,351,371
145.85,1659.8,184.68,1698.6,352,353
1606.1,1267.6,1617.8,1314.2,352,354
1706.6,507.2,1655.7,526.81,352,355
260.02,1738.2,207.1,1763.7,354,361
1581.2,1257.9,1606.7,1310.9,354,356
1714.5,532.69,1669.4,513.08,355,358
1643,176.24,1580.9,191.77,355,375
655.98,1379.5,620.69,1346.2,355,355
673.62,1383.4,630.49,1330.5,355,365
1753.7,1655.9,1763.5,1714.7,356,363
1561.6,1273.6,1606.7,1301.1,356,360
1459.6,905.12,1416.5,914.92,358,365
1739.9,522.88,1681.1,515.04,358,366
1696.8,1485.3,1651.7,1504.9,358,363
1785,1503,1743.9,1457.9,359,361
1614.5,1338.3,1587.1,1281.5,360,365
246.3,1722.5,209.06,1769.6,361,363
1563.5,1442.2,1569.4,1383.4,361,363
1787,1524.5,1777.2,1457.9,361,363
224.74,1699,214.94,1763.7,363,365
1771.3,1695.1,1745.8,1644.1,363,364
1724.3,1520.6,1685.1,1479.4,363,367
1542,1440.2,1557.7,1391.2,363,395
1792.9,1595.1,1771.3,1536.3,364,366
534.45,513.08,483.48,540.53,364,414
1651.7,795.35,1677.2,848.27,365,407
1632.1,1328.5,1598.8,1287.4,365,370
209.06,1700.9,214.94,1761.7,365,368
1463.6,938.44,1410.6,901.2,365,367
644.22,1391.2,646.18,1338.3,365,380
1502.8,952.16,1442,928.64,367,370
1696.8,1534.3,1696.8,1483.4,367,369
1643.9,1553.9,1614.5,1522.6,367,501
1355.8,1675.5,1404.8,1691.1,368,370
1700.7,1642.1,1643.9,1644.1,369,374
1328.3,1665.7,1391,1689.2,370,375
1657.6,1297.2,1608.6,1303,370,375
1087.2,271.98,1038.2,297.47,371,401
1749.8,575.81,1718.4,595.41,371,381
197.3,1626.5,212.98,1683.3,374,383
1781.1,1648,1743.9,1604.9,374,386
1695.4,178.18,1627.5,168.47,375,377
1664.4,1269.5,1611.9,1288.9,375,381
1305.1,1632.6,1353.7,1661.8,375,376
1165.6,1620.6,1114.7,1604.9,376,381
1695.2,125.85,1633.9,161.13,377,380
1718.4,1697,1743.9,1655.9,379,386
1710.1,116.56,1658.1,131.42,380,391
1512.6,1567.7,1445.9,1573.5,381,386
1589,1140.3,1553.7,1089.4,381,388
1645.9,1244.2,1602.7,1285.4,381,385
150.2,1626.3,200.34,1669,383,395
999.01,1763.7,950,1793.1,383,386
1624.7,1273.5,1619.1,1238.2,385,385
1626.5,1223.3,1598.7,1286.5,385,386
993.13,1744.1,985.29,1799,386,388
1508.6,1553.9,1475.3,1589.2,386,411
1722.3,1695.1,1704.7,1655.9,386,391
1600.8,1226.6,1606.7,1275.6,386,388
657.94,1557.9,648.14,1495.1,387,395
1608.6,1210.9,1583.1,1265.8,388,390
953.92,1753.9,1002.9,1781.3,388,395
1559.6,1512.8,1512.6,1497.1,389,392
1638,1195.2,1589,1230.5,390,401
1732.4,146.27,1667.4,125.85,391,396
1577.3,1495.1,1536.1,1538.3,393,401
1732.1,1763.7,1739.9,1700.9,394,404
142.77,1598.4,174.34,1654.2,395,398
638.59,1565,651.59,1490.7,395,421
963.57,1732.2,998.85,1773,395,402
1512.6,1432.4,1559.6,1403,395,407
1623.6,321.88,1573.1,294.69,396,402
1740.1,112.16,1685.7,143.23,396,402
1167.6,407.23,1120.5,446.44,396,421
99.289,1599,160.05,1604.9,398,404
1618.4,1171.7,1596.9,1226.6,401,407
944.12,1748,979.4,1773.5,402,413
677.54,1763.7,638.34,1797,404,409
109.09,1557.9,126.73,1612.7,404,409
1677.2,1428.5,1610.6,1436.3,404,406
1057.8,567.97,1369.5,511.12,404,404
1704.7,1336.4,1649.8,1361.8,406,407
1491,1428.5,1549.8,1424.6,407,410
1726.2,1354,1653.7,1363.8,407,413
1628.2,1158,1583.1,1205,407,412
1630.2,803.19,1659.6,838.47,407,439
659.9,1746,624.61,1795,409,409
665.78,1742.1,624.61,1789.2,409,413
118.89,1534.3,103.21,1597.1,409,411
1716.4,1751.9,1667.4,1775.4,410,412
1496.9,1438.3,1549.8,1434.4,410,413
1524.3,1571.6,1471.4,1573.5,411,492
111.05,1532.4,91.449,1599,412,413
1620.4,1140.3,1596.9,1195.2,412,413
1502.8,1446.1,1534.1,1408.9,413,416
101.25,1524.5,89.488,1587.3,413,417
113.01,544.45,89.488,491.52,413,0
1626.3,1128.6,1589,1171.7,413,415
967.64,1761.7,948.04,1749.9,413,413
685.38,1749.9,632.45,1761.7,413,422
1739.9,1342.2,1681.1,1324.6,414,415
520.73,505.24,518.77,556.21,414,415
961.76,1702.9,918.64,1746,415,446
1769.4,1316.8,1704.7,1332.4,415,426
1640,1114.9,1591,1146.2,415,415
1449.8,348.43,932.3,618.98,415,415
520.62,496.64,499.26,543.25,415,416
1491,1403,1536.1,1432.4,416,419
536.41,515.04,487.4,528.77,416,442
1787,638.53,1736,662.06,417,417
1479.2,1442.2,1536.1,1426.5,419,469
636.38,1524.5,687.34,1499,420,420
630.49,1538.3,669.7,1499,421,432
1179.3,422.92,1112.7,432.72,421,446
114.97,1416.7,107.13,1471.6,423,430
1743.5,335.69,1749.1,389.54,424,431
1634.1,1007,1581.2,999.21,426,432
1781.1,1354,1726.2,1330.5,426,428
1765.4,1391.2,1728.2,1346.2,428,431
1783.1,1397.1,1640,1749.9,431,431
1616.5,1028.6,1591,1007,431,431
1612.5,1036.4,1577.3,1001.2,432,448
1800.7,1548.1,1783.1,1604.9,432,439
638.34,1559.8,636.38,1493.2,432,458
1651.7,436.64,1689,399.39,432,439
1696.8,1622.5,1640,1620.6,437,444
1634.1,809.07,1690.9,826.71,437,437
1792.9,1522.6,1783.1,1583.3,439,446
1626.3,797.31,1673.3,816.91,439,488
1808,1057.2,1788.2,1092.8,441,454
1497.3,346.86,1457.7,327.08,442,442
1503.2,341.29,1441.1,339.35,442,454
536.16,494.7,503.15,533.54,442,465
986.84,1690.3,929.46,1708.1,446,475
1815.9,1532.1,1780.3,1575.6,446,458
1659.6,435.9,1709,412.16,448,483
1629.9,1007.7,1592.3,1007.7,448,452
695.98,1720,638.6,1731.9,450,470
1794.1,1035.4,1780.3,1080.9,454,463
1493.4,374.56,1447.9,331.03,454,457
1503.3,352.8,1449.8,338.95,457,457
1170.8,392.37,1139.2,439.86,457,513
1509.2,348.84,1449.8,334.99,457,492
1808,1508.3,1768.4,1563.7,458,469
1683.3,1826.9,1635.8,1795.2,458,470
632.67,1553.8,660.37,1524.1,458,458
624.75,1563.7,664.32,1518.2,458,477
1606.1,1043.3,1568.5,1001.8,463,468
1788.2,999.8,1780.3,1071,463,468
1633.8,1019.6,1570.5,1011.7,468,470
1477.5,1435.1,1534.9,1403.4,469,469
1471.6,1429.2,1529,1401.5,469,488
680.15,1700.2,630.69,1726,470,470
676.2,1704.2,624.75,1726,470,472
1711,1803.1,1659.6,1797.2,470,476
1796.1,1571.6,1784.2,1518.2,470,478
1742.7,768.31,1695.2,726.76,473,481
937.37,524.94,874.06,515.05,475,477
1614.1,938.47,1572.5,982,475,485
1715,1783.3,1659.6,1793.2,476,521
701.92,1731.9,634.64,1733.9,477,0
632.67,1567.7,646.52,1518.2,477,481
1796.8,1597.1,1781.1,1542.2,478,488
1743.9,891.4,1767.4,932.56,479,483
624.61,1553.9,673.62,1534.3,481,481
1753.7,769.87,1700.7,758.1,481,483
628.53,1553.9,673.62,1524.5,481,491
1745.8,861.99,1753.7,930.6,483,485
1736,860.03,1753.7,907.08,485,488
1802.7,1618.6,1787,1569.6,488,496
1755.6,828.67,1636.1,803.19,488,488
1714.5,826.71,1720.3,818.87,488,488
1749.8,834.55,1741.9,887.48,488,498
1632.1,801.23,1669.4,840.43,488,497
381.55,307.27,385.47,307.27,489,489
626.57,1569.6,648.14,1520.6,491,524
1475.3,1428.5,1518.5,1397.1,492,515
1512.6,354.31,1451.8,348.43,493,503
1683.1,422.92,1640,424.88,495,513
1736,499.36,1734.1,442.52,495,511
1789,1628.4,1783.1,1577.5,496,506
1749.8,820.83,1730.1,877.68,498,500
1532.2,352.35,1477.3,368.03,503,509
1781.1,1665.7,1775.2,1602.9,506,513
1669.4,1516.7,1606.7,1528.5,507,515
1565.5,387.63,1504.7,371.95,509,509
1696.8,397.43,1645.9,420.96,513,529
1626.3,1581.4,1567.5,1571.6,513,519
1767.4,1677.4,1765.4,1614.7,513,530
1710.5,1520.6,1653.7,1516.7,515,522
1455.7,1442.2,1510.6,1430.4,515,530
1643.9,867.87,1471.4,860.03,519,519
1643.9,942.36,1587.1,930.6,520,531
1628.2,1534.3,1591,1575.5,520,522
1739.9,1487.3,1751.7,1428.5,520,524
1645.9,1524.5,1589,1557.9,522,530
1728.2,1524.5,1677.2,1512.8,522,544
1632.1,934.52,1602.7,911,522,522
620.69,1571.6,675.58,1552,524,538
951.96,473.88,577.57,626.77,526,526
1665.5,811.03,1626.3,856.11,528,539
893.16,230.82,846.11,191.62,529,531
1677.2,383.71,1641.9,424.88,529,529
1671.3,383.71,1630.2,417.04,529,539
1622.3,1506.9,1608.6,1561.8,530,533
1469.4,1450,1504.7,1395.2,530,532
1724.3,1667.6,1765.4,1630.4,530,538
1632.1,381.75,1567.5,369.99,531,537
912.76,219.06,857.87,203.38,531,536
1491,1452,1479.2,1405,532,0
1610.6,1483.4,1587.1,1532.4,532,536
1053.9,1726.4,991.17,1748,532,533
1792.9,1618.6,1755.6,1579.4,533,536
1169.5,389.59,1138.2,417.04,534,543
934.32,219.06,881.4,222.98,536,0
1710.5,922.76,1739.9,873.75,536,539
1728.2,1689.2,1732.1,1636.3,538,548
618.73,1563.7,661.86,1530.4,538,0
1637.7,361.69,1578.2,367.26,539,545
1702.7,920.8,1741.9,883.56,539,0
1659.6,1469.6,1600.8,1450,542,0
1195,397.43,1140.1,407.23,543,0
1028.4,936.48,861.79,728.7,543,543
1293,1777.4,1240.1,1785.2,544,548
1102.9,1697,1046.1,1720.5,544,0
1720.3,1546.1,1698.8,1506.9,544,550
1633.9,322.69,1594.9,369.11,545,0
1724.3,1704.9,1714.5,1657.8,548,550
1751.7,1712.7,1718.4,1663.7,550,0
